0000000000000000000000000000000000000000
0000000000000000000000000000000000000000
0000000000000000000000000000000000000000
0000000111111111111111111111111110000000
0000110011111111111111111111111101100000
0000111100111111111111111111110011100000
0000111110000111111111111100001111100000
0000111111000000000000000000011111100000
0000111111000000000000000000011111100000
0000111111000000000000000000011111100000
0000111111000000000000000000011111100000
0000111111000000000000000000011111100000
0000111111000000000000000000011111100000
0000111111000000000000000000011111100000
0000111111100000000000000000011111100000
0000011111000000000000000000011111100000
0000001110000000000000000000000110000000
0000000000000000000000000000000000000000
0000001110000000000000000000000111000000
0000111111000000000000000000011111100000
0000111111100000000000000000011111100000
0000111111000000000000000000011111100000
0000111111000000000000000000011111100000
0000111111000000000000000000011111100000
0000111111000000000000000000011111100000
0000111111000000000000000000011111100000
0000111111000000000000000000011111100000
0000111111000000000000000000011111100000
0000111110001111111111111111000111100000
0000111001111111111111111111110011100000
0000110111111111111111111111111100100000
0000001111111111111111111111111110000000
0000000000000000000000000000000000000000
0000000000000000000000000000000000000000