0000000000000000000000000000000000000000
0000000000000000000000000000000000000000
0000000111111111111111111111111110000000
0000000111111111111111111111111111000000
0000000001111111111111111111111101110000
0000000000011111111111111111110011110000
0000000000000000000000000000001111110000
0000000000000000000000000000001111110000
0000000000000000000000000000001111110000
0000000000000000000000000000001111110000
0000000000000000000000000000001111110000
0000000000000000000000000000001111110000
0000000000000000000000000000001111110000
0000000000000000000000000000001111110000
0000000000000000000000000000001111110000
0000000000001111111111111111100111100000
0000000000111111111111111111110000000000
0000000000111111111111111111110000000000
0000000000000111111111111111100111100000
0000000000000000000000000000001111110000
0000000000000000000000000000001111110000
0000000000000000000000000000001111110000
0000000000000000000000000000001111110000
0000000000000000000000000000001111110000
0000000000000000000000000000001111110000
0000000000000000000000000000001111110000
0000000000000000000000000000001111110000
0000000000000000000000000000001111110000
0000000000011111111111111111110001110000
0000000001111111111111111111111100110000
0000000111111111111111111111111111000000
000000000000000000000000000000000000000
0000000000000000000000000000000000000000
0000000000000000000000000000000000000000