0000000000000000000000000000000000000000
0000000000000000000000000000000000000000
0000000000000000000000000000000000000000
0000001111111111111111111111111110000000
0000110011111111111111111111111100000000
0000111000111111111111111111110000000000
0000111110000111111111111110000000000000
0000111111000000000000000000000000000000
0000111111000000000000000000000000000000
0000111111000000000000000000000000000000
0000111111000000000000000000000000000000
0000111111000000000000000000000000000000
0000111111000000000000000000000000000000
0000111111000000000000000000000000000000
0000111111000000000000000000000000000000
0000111111000000000000000000000000000000
0000001110111111111111111111100000000000
0000000001111111111111111111110000000000
0000000000011111111111111111001111000000
0000000000000000000000000000011111100000
0000000000000000000000000000011111100000
0000000000000000000000000000011111100000
0000000000000000000000000000011111100000
0000000000000000000000000000011111100000
0000000000000000000000000000011111100000
0000000000000000000000000000011111100000
0000000000000000000000000000011111100000
0000000000000000000000000000011111100000
0000000000011111111111111111000111100000
0000000001111111111111111111110011100000
0000000111111111111111111111111101100000
0000001111111111111111111111111110000000
0000000000000000000000000000000000000000
0000000000000000000000000000000000000000