0000000000000000000000000000000000000000
0000000000000000000000000000000000000000
0000000000000000000000000000000000000000
0000001111111111111111111111111110000000
0000000111111111111111111111111101100000
0000000001111111111111111111110011100000
0000000000011111111111111100001111100000
0000000000000000000000000000011111100000
0000000000000000000000000000011111100000
0000000000000000000000000000011111100000
0000000000000000000000000000011111100000
0000000000000000000000000000011111100000
0000000000000000000000000000011111100000
0000000000000000000000000000011111100000
0000000000000000000000000000011111100000
0000000000000000000000000000011111100000
0000000000000000000000000000001110000000
0000000000000000000000000000000000000000
0000000000000000000000000000001110000000
0000000000000000000000000000011111100000
0000000000000000000000000000011111100000
0000000000000000000000000000011111100000
0000000000000000000000000000011111100000
0000000000000000000000000000011111100000
0000000000000000000000000000011111100000
0000000000000000000000000000011111100000
0000000000000000000000000000011111100000
0000000000000000000000000000011111100000
0000000000000000000000000000001111100000
0000000000000000000000000000000111100000
0000000000000000000000000000000001100000
0000000000000000000000000000000000000000
0000000000000000000000000000000000000000
0000000000000000000000000000000000000000