0000000000000000000000000000000000000000000000000000000000000000000000000000000000000000000000000000000000000000000000000000000000000000000000000000000000000000000000000000000000000000000000000000000000000000000000000000000000000000000000000000000000000000
0000000000000000000000000000000000000000000000000000000000000000000000000000000000000000000000000000000000000000000000000000000000000000000000000000000000000000000000000000000000000000000000000000000000000000000000000000000000000000000000000000000000000000
0000000000000000000000000000000000000000000000000000000000000000000000000000000000000000000000000000000000000000000000000000000000000000000000000000000000000000000000000000000000000000000000000000000000000000000000000000000000000000000000000000000000000000
0000000000000000000000000000000000000000000000000000000000000000000000000000000000000000000000000000000000000000000000000000000000000000000000000000000000000000000000000000000000000000000000000000000000000000000000000000000000000000000000000000000000000000
0000000000000000000000000000000000000000000000000000000000000000000000000000000000000000000000000000000000000000000000000000000000000000000000000000000000000000000000000000000000000000000000000000000000000000000000000000000000000000000000000000000000000000
0000000000000000000000000000000000000000000000000000000000000000000000000000000000000000000000000000000000000000000000000000000000000000000000000000000000000000000000000000000000000000000000000000000000000000000000000000000000000000000000000000000000000000
0000000000000000000000000000000000000000000000000000000000000000000000000000000000000000000000000000000000000000000000000000000000000000000000000000000000000000000000000000000000000000000000000000000000000000000000000000000000000000000000000000000000000000
0000000000000000000000000000000000000000000000000000000000000000000000000000000000000000000000000000000000000000000000000000000000000000000000000000000000000000000000000000000000000000000000000000000000000000000000000000000000000000000000000000000000000000
0000000000000000000000000000000000000000000000000000000000000000000000000000000000000000000000000000000000000000000000000000000000000000000000000000000000000000000000000000000000000000000000000000000000000000000000000000000000000000000000000000000000000000
0000000000000000000000000000000000000000000000000000000000000000000006666666666666666666666610026666666100006666666666500000000006666666666200001666666666666666666661000000000000000000000000000000000000000000000000000000000000000000000000000000000000000000
0000000000000000000000000000000000000000000000000000000000000000000008888888888888888888888820038888888100008888888888700000000028888888888300002888888888888888888881000000000000000000000000000000000000000000000000000000000000000000000000000000000000000000
0000000000000000000000000000000000000000000000000000000000000000000008888888888888888888888820038888888100008888888888810000000038888888888300002888888888888888888881000000000000000000000000000000000000000000000000000000000000000000000000000000000000000000
0000000000000000000000000000000000000000000000000000000000000000000008888888888888888888888820038888888100008888888888820000000048888888888300002888888888888888888881000000000000000000000000000000000000000000000000000000000000000000000000000000000000000000
0000000000000000000000000000000000000000000000000000000000000000000008888888888888888888888820038888888100008888888888840000000058888888888300002888888888888888888881000000000000000000000000000000000000000000000000000000000000000000000000000000000000000000
0000000000000000000000000000000000000000000000000000000000000000000008888888888888888888888820038888888100008888888888850000000068888888888300002888888888888888888881000000000000000000000000000000000000000000000000000000000000000000000000000000000000000000
0000000000000000000000000000000000000000000000000000000000000000000008888888888888888888888820038888888100008888888888860000000078888888888300002888888865555555555551000000000000000000000000000000000000000000000000000000000000000000000000000000000000000000
0000000000000000000000000000000000000000000000000000000000000000000007777777788888887777777720038888888100008888888888870000000188888888888300002888888820000000000000000000000000000000000000000000000000000000000000000000000000000000000000000000000000000000
0000000000000000000000000000000000000000000000000000000000000000000000000000288888882000000000038888888100008888888888881000000288888888888300002888888820000000000000000000000000000000000000000000000000000000000000000000000000000000000000000000000000000000
0000000000000000000000000000000000000000000000000000000000000000000000000000288888882000000000038888888100008888888888882000000388888888888300002888888820000000000000000000000000000000000000000000000000000000000000000000000000000000000000000000000000000000
0000000000000000000000000000000000000000000000000000000000000000000000000000288888882000000000038888888100008888888888883000000488888888888300002888888820000000000000000000000000000000000000000000000000000000000000000000000000000000000000000000000000000000
0000000000000000000000000000000000000000000000000000000000000000000000000000288888882000000000038888888100008888888888885000000588888888888300002888888820000000000000000000000000000000000000000000000000000000000000000000000000000000000000000000000000000000
0000000000000000000000000000000000000000000000000000000000000000000000000000288888882000000000038888888100008888888888886000000688888888888300002888888820000000000000000000000000000000000000000000000000000000000000000000000000000000000000000000000000000000
0000000000000000000000000000000000000000000000000000000000000000000000000000288888882000000000038888888100008888888888887000000788888888888300002888888820000000000000000000000000000000000000000000000000000000000000000000000000000000000000000000000000000000
0000000000000000000000000000000000000000000000000000000000000000000000000000288888882000000000038888888100008888888888887100001888878888888300002888888820000000000000000000000000000000000000000000000000000000000000000000000000000000000000000000000000000000
0000000000000000000000000000000000000000000000000000000000000000000000000000288888882000000000038888888100008888888788888200002888868888888300002888888820000000000000000000000000000000000000000000000000000000000000000000000000000000000000000000000000000000
0000000000000000000000000000000000000000000000000000000000000000000000000000288888882000000000038888888100008888888688888300003888858888888300002888888820000000000000000000000000000000000000000000000000000000000000000000000000000000000000000000000000000000
0000000000000000000000000000000000000000000000000000000000000000000000000000288888882000000000038888888100008888888578888400004888848888888300002888888820000000000000000000000000000000000000000000000000000000000000000000000000000000000000000000000000000000
0000000000000000000000000000000000000000000000000000000000000000000000000000288888882000000000038888888100008888888478888600005888838888888300002888888820000000000000000000000000000000000000000000000000000000000000000000000000000000000000000000000000000000
0000000000000000000000000000000000000000000000000000000000000000000000000000288888882000000000038888888100008888888468888700007888728888888300002888888855555555551000000000000000000000000000000000000000000000000000000000000000000000000000000000000000000000
0000000000000000000000000000000000000000000000000000000000000000000000000000288888882000000000038888888100008888888448888700007888718888888300002888888888888888883000000000000000000000000000000000000000000000000000000000000000000000000000000000000000000000
0000000000000000000000000000000000000000000000000000000000000000000000000000288888882000000000038888888100008888888438888820018888618888888300002888888888888888883000000000000000000000000000000000000000000000000000000000000000000000000000000000000000000000
0000000000000000000000000000000000000000000000000000000000000000000000000000288888882000000000038888888100008888888428888830028888418888888300002888888888888888883000000000000000000000000000000000000000000000000000000000000000000000000000000000000000000000
0000000000000000000000000000000000000000000000000000000000000000000000000000288888882000000000038888888100008888888407888840038888318888888300002888888888888888883000000000000000000000000000000000000000000000000000000000000000000000000000000000000000000000
0000000000000000000000000000000000000000000000000000000000000000000000000000288888882000000000038888888100008888888407888850048888218888888300002888888888888888883000000000000000000000000000000000000000000000000000000000000000000000000000000000000000000000
0000000000000000000000000000000000000000000000000000000000000000000000000000288888882000000000038888888100008888888406888870068888118888888300002888888866666666662000000000000000000000000000000000000000000000000000000000000000000000000000000000000000000000
0000000000000000000000000000000000000000000000000000000000000000000000000000288888882000000000038888888100008888888404888870078887018888888300002888888820000000000000000000000000000077000000000000000000000000000000000000000000000000000000000000000000000000
0000000000000000000000000000000000000000000000000000000000000000000000000000288888882000000000038888888100008888888403888881078887018888888300002888888820000000000000000000000077000077000000000000000000000000000000000000000245666665420000000000000000000000
0000000000000000000000000000000000000000000000000000000000000000000000000000288888882000000000038888888100008888888402888883188885018888888300002888888820000000000000000000000007700077000000000000000000000000000000000000256777777777777520000000000000000000
0000000000000000000000000000000000000000000000000000000000000000000000000000288888882000000000038888888100008888888401888884288884018888888300002888888820000000000000000000000007700077000770000000000000000000000000000015777777777777777776200000000000000000
0000000000000000000000000000000000000000000000000000000000000000000000000000288888882000000000038888888100008888888400788885388883018888888300002888888820000000000000000000000000770070077700000000000000000000000000000267777777777777777777740000000000000000
0000000000000000000000000000000000000000000000000000000000000000000000000000288888882000000000038888888100008888888400688887488882018888888300002888888820000000000000000000077000070070777000000000000000000000000000002677777777777777777777775000000000000000
0000000000000000000000000000000000000000000000000000000000000000000000000000288888882000000000038888888100008888888400588887688881018888888300002888888820000000000000000000000770000000700000000000000000000000000000016777777777777777777777777400000000000000
0000000000000000000000000000000000000000000000000000000000000000000000000000288888882000000000038888888100008888888400388888788870018888888300002888888820000000000000000000000007700000000000000000000000000000000000057777777777777777777777777720000000000000
0000000000000000000000000000000011222100000000000000000000000000000000000000288888882000000000038888888100008888888400288888888860018888888300002888888820000000000000000000000000000000770000000000000000000000000000177777777777777777777777777750000000000000
0000000000000000000000000000000222222221000000000000000000000000000000000000288888882000000000038888888100008888888400188888888850018888888300002888888820000000000000000000000000700000000770000000000000000000000000477777777777777777777777777771000000000000
0000000000000000000000000000002222222222200000000000000000000000000000000000288888882000000000038888888100008888888400078888888840018888888300002888888820000000000000000000000007700012000007700000000000000000000000677777777777777777777777777772000000000000
0000000000000000000000000000012221000022210000000000000000000000001100000000288888882000000000038888888100008888888400068888888830018888888300002888888820000000000000000000000777007077700000000000000000000000000002777777777777777777777777777773000000000000
0000000000000000000000000000022200000002220000000000000000000002344442000000288888882000000000038888888100008888888400058888888820018888888300002888888820000000000000000000007770007007700000000000000000000000000004777777777777777777777777777773000000000000
0000000000000000000000000000122100000001221000000000000000012344444444200000288888882000000000038888888100008888888400048888888810018888888300002888888820000000000000000000000000007000770000000000000000000000000005777777777777777777777777777772000000000000
0000000000000000000000000000222000000000221000000000000123444444444444300000288888882000000000038888888100008888888400028888888700018888888300002888888832222222222220000000000000077000070000000000000000000000000006777777777777777777777777777771000000000000
0000000000000000000000000000222000000000222000000000123444444444444444400000288888882000000000038888888100008888888400018888888600018888888300002888888888888888888881000000000000077000000000000000000000000000000027777777777777777777777777777770000000000000
0000000000000000000000000000222000000000221000001234444444444444444444420000288888882000000000038888888100008888888400007888888500018888888300002888888888888888888881000000000000077000000000000000000000000000000037777777777777777777777777777760000000000000
0000000000000000000000000000122100000001221000234444444444444444444444420000288888882000000000038888888100008888888400006888888400018888888300002888888888888888888881000000000000000000000000000000000000000000000057777777777777777777777777777740000000000000
0000000000000000000000000000022210000002220002444444444444444444444444420000288888882000000000038888888100008888888400005888888300018888888300002888888888888888888881000000000000000000000000000000000000000000000067777777777777777777777777777730000000000000
0000000000000000000000000000012221000122210004444444444444444444444444410000288888882000000000038888888100008888888400004888888200018888888300002888888888888888888881000000000000000000000000000000000000000000000077777777777777777777777777777710000000000000
0000000000000000000000000000001222222222100004444444444444444444444444200000288888882000000000038888888100008888888400003888888100018888888300002888888888888888888881000000000000000000000000000000000000000000000277777777777777777777777777777600000000000000
0000000000000000000000000000000122222221000004444444444444444444444320000000011111110000000000001111111000001111111000000111111000001111111000000111111111111111111110000000000000000000000000000000000000000000000377777777777777777777777777777400000000000000
0000000000000000000000000000000001111100000003444444444444444444444100000000000000000000000000000000000000000000000000000000000000000000000000000000000000000000000000000000000000000000000000000000000000000000000477777777777777777777777777777200000000000000
0000000000000000000000000000000000000000000002444444444444444444444200000000000000000000000000000000000000000000000000000000000000000000000000000000000000000000000000000000000000000000000000000000000000000000000577777777777777777777777777776000000000000000
0000000000000000000000000000000000000000000000444444444444444444444300000000000000000000000000000000000000000000000000000000000000000000000000000000000000000000000000000000000000000000000000000000000000000000000677777777777777777777777777775000000000000000
0000000000000000000000000000000000000000000000244444444444444444444410000000000000000000000000000000000000000000000000000000000000000000000000000000000000000000000000000000000000000000000000000000000000000000001777777777777777777777777777773000000000000000
0000000000000000000000000000000000000000000000013321244444444444444300000000000000000000000000000000000000000003333333333333300000000000000222222222222200000033333333333333333333333333333333333333333300000000002777777777777777777777777777771000000000000000
0000000000000000000000000000000000000000000000000000144444444444333344444444443321000000000000000000000000000004444444444444300000000000000444444444444400000044444444444444444444444444444444444444444400000000003777777777777777777777777777760000000000000000
0000000000000000000000000000000000000000000000000000044444444444444444444444444444432100000000000000000000000004444444444444300000000000000444444444444400000044444444444444444444444444444444444444444400000000004777777777777777777777777777730000000000000000
0000000000000000000000000007700000000000000000000000034333344444444444444444444444444443100000000000000000000004444444444444300000000000000444444444444400000044444444444444444444444444444444444444444400000000005777777777777777777777777777710000000000000000
0000000000000000000007700007000000000000000000000000011244444444444444444444444444444444442000000000000000000004444444444444300000000000000444444444444400000044444444444444444444444444444444444444444400000000006777777777777777777777777777600000000000000000
0000000000000000000007700077000000000000000000000000024444444444444444444444444444444444444431000000000000000004444444444444300000000000000444444444444400000044444444444444444444444444444444444444444400000000006777777777777777777777777777300000000000000000
0000000000000000000000770077000770000000000000000002444444444444444444444444444444444444444444300000000000000004444444444444300000000000000444444444444400000044444444444444444444444444444444444444444400000000007777777777777777777777777777100000000000000000
0000000000000000000000077032077700000000000000000244444444444444443221111111122344444444444444442000000000000004444444444444300000000000000444444444444400000044444444444444444444444444444444444444444400000000017777777777777777777777777775000000000000000000
0000000000000000000000000000777000000000000000003444444444444431000000000000000000134444444444444310000000000004444444444444300000000000000444444444444400000044444444444444444444444444444444444444444400000000027777777777777777777777777773000000000000000000
0000000000000000777777700000000000000000000000244444444444431000000000000000000000000124444444444442000000000004444444444444300000000000000444444444444400000044444444444444444444444444444444444444444400000000037777777777777777777777777771000000000000000000
0000000000000000000001200000000000000000000003444444444432000000000000000000000000000000234444444444300000000004444444444444300000000000000444444444444400000044444444444444444444444444444444444444444400000000047777777777777777777777777750000000000000000000
0000000000000000000000000000077700000000000034444444443200000000000000000000000000000000001344444444430000000004444444444444300000000000000444444444444400000044444444444444444444444444444444444444444400000000057777777777777777777777777720000000000000000000
0000000000000000000000770000000077000000000344444444420000000000000000000000000000000000000024444444444100000014444444444444300000000000000444444444444410000044444444444444444444444444444444444444444400000000057777777777777777777777777600000000000000000000
0000000000000000000007700007700000770000014444444443000000000000000000000000000000000000000000344444444410000014444444444444300000000000000444444444444410000044444444444444444444444444444444444444444400000000067777777777777777777777777400000000000000000000
0000000000000000000777007707700000000000144444444420000000000000000000000000000000000000000000024444444441000014444444444444300000000000000444444444444410000011111111111112444444444444431111111111111100000000067777777777777777777777777200000000000000000000
0000000000000000000700007700770000000000444444443100000000000000000000000000000000000000000000001344444444100014444444444444300000000000000444444444444410000000000000000000444444444444420000000000000000000000077777777777777777777777776000000000000000000000
0000000000000000000000007700077000000003444444430000000000000000000000000000000000000000000000000034444444400014444444444444300000000000000444444444444410000000000000000000444444444444420000000000000000000000177777777777777777777777773000000000000000000000
0000000000000000000000007700007700000034444444300000000000000000000012344444432100000000000000000003444444430014444444444444300000000000000444444444444410000000000000000000444444444444420000000000000000000000277777777777777777777777771000000000000000000000
0000000000000000000000007000000000000244444443000000000000000000135666666666666665310000000000000000244444443014444444444444300000000000000444444444444410000000000000000000444444444444420000000000000000000000277777777777777777777777750000000000000000000000
0000000000000000000000000000000000001444444430000000000000000003666666666666666666665200000000000000034444444214444444444444300000000000000444444444444410000000000000000000444444444444420000000000000000000000377777777777777777777777720000000000000000000000
0000000000000000000000000000000000004444444300000000000000000001666666666666666666666663000000000000003444444424444444444444300000000000000444444444444410000000000000000000444444444444420000000000000000000000477777777777777777777777600000000000000000000000
0000000000000000000000000000000000034444443000000000000000000000566666666666666666666666520000000000000344444444444444444444300000000000000444444444444410000000000000000000444444444444420000000000000000000000477777777777777777777777400000000000000000000000
0000000000000000000000000000000000244444441000000000000000000000266666666666666666666666665100000000000044444444444444444444300000000000000444444444444410000000000000000000444444444444420000000000000000000000577777777777777777777777100000000000000000000000
0000000000000000000000000000000000444444420000000000000000000000066666666666666666666666666620000000000014444444444444444444300000000000000444444444444410000000000000000000444444444444420000000000000000000000577777777777777777777775000000000000000000000000
0000000000000000000000000000000002444444300000000000000000000000036666666666666666666666666663000000000003444444444444444444300000000000000444444444444410000000000000000000444444444444420000000000000000000000677777777777777777777772000000000000000000000000
0000000000000000000000000000000004444444000000000000000000000000016666666666666666666666666666400000000000344444444444444444300000000000000444444444444410000000000000000000444444444444420000000000000000000000677777777777777777777760000000000000000000000000
0000000000000000000000000000000024444442000000000000000000000000004666666666666666666666666666640000000000144444444444444444300000000000000444444444444410000000000000000000444444444444420000000000000000000000677777777777777777777730000000000000000000000000
0000000000000000554200000000000044444430000000000000000000000000002666666666666666666666666666664000000000034444444444444444300000000000000444444444444410000000000000000000444444444444420000000000000000000000777777777777777777777600000000000000000000000000
0000000000000000666300000000000244444410000000000000000000000000000566666666666666666666666666666300000000014444444444444444300000000000000444444444444410000000000000000000444444444444420000000000000000000000777777777777777777777400000000000000000000000000
0000000000000001666200000000000444444300000000000000000000000000000366666666666666666666666666666610000000003444444444444444300000000000000444444444444410000000000000000000444444444444420000000000000000000001777777777777777777777100000000000000000000000000
0000000000000003666000000000001444444100000000000000000000000000000066666666666666666666666666666650000000001444444444444444300000000000000444444444444410000000000000000000444444444444420000000000000000000001777777777777777777775000000000000000000000000000
0000000000000004666000000000003444444000000000000000000000000000000046666666666666666666666666666664000000000344444444444444300000000000000444444444444410000000000000000000444444444444420000000000000000000002777777777777777777772000000000000000000000000000
0000000026532105664000000000004444442000000000000000000000000000000016666666666666666666666666666666100000000244444444444444300000000000000444444444444410000000000000000000444444444444420000000000000000000002777777777777777777760000000000000000000000000000
0000000046666666663000000000014444441000000000000000000000000000000005666666666666666666666666666666500000000044444444444444300000000000000444444444444410000000000000000000444444444444420000000000000000000002777777777777777777730000000000000000000000000000
0000000056666666666543100000034444430000000000000000000000000000000002666666666666666666666666666666620000000034444444444444300000000000000444444444444410000000000000000000444444444444420000000000000000000002777777777777777777600000000000000000000000000000
0000000023566666666666663000044444420000000000000000000000000000000000566666666666666666666666666666650000000024444444444444300000000000000444444444444410000000000000000000444444444444420000000000000000000003777777777777777777300000000000000000000000000000
0000000000001256666666662000144444410000000000000000000000000000000000366666666666666666666666666666661000000014444444444444300000000000000444444444444410000000000000000000444444444444420000000000000000000003777777777777777776000000000000000000000000000000
0000000000000056653456661000244444400000000000000000000000000000000000066666666666666666666666666666663000000014444444444444300000000000000444444444444410000000000000000000444444444444420000000000000000000003777777777777777774000000000000000000000000000000
0000000000000066630000230000244444300000000000000000000000000000000000046666666666666666666666666666665000000014444444444444300000000000000444444444444410000000000000000000444444444444420000000000000000000003777777777777777760000000000000000000000000000000
0000000000000166620000000000344444200000000000000000000000000000000000016666666666666666666666666666666100000014444444444444300000000000000444444444444410000000000000000000444444444444420000000000000000000003777777777777777740000000000000000000000000000000
0000000000000366600000000000444444100000000000000000000000000000000000005666666666666666666666666666666300000014444444444444300000000000000444444444444410000000000000000000444444444444420000000000000000000003777777777777777600000000000000000000000000000000
0000000000000466500000000000444444100000000000000000000000000000000000003666666666666666666666666666666400000014444444444444300000000000000444444444444410000000000000000000444444444444420000000000000000000003777777777777777400000000000000000000000000000000
0000000000000566400000000001444444000000000000000000000000000000000000000666666666666666666666666666666600000014444444444444300000000000000444444444444410000000000000000000444444444444420000000000000000000003777777777777776000000000000000000000000000000000
0000000000000002100000000001444444000000000000000000000000000000000000000466666666666666666666666666666600000014444444444444300000000000000444444444444410000000000000000000444444444444420000000000000000000003777777777777774000000000000000000000000000000000
0000000000000000000000000001444443000000000000000000000000000000000000000166666666666666666666666666666610000014444444444444300000000000000444444444444410000000000000000000444444444444420000000000000000000003777777777777760000000000000000000000000000000000
0000000000000000000000000001444443000000000000000000000000000000000000000056666666666666666666666666666620000014444444444444300000000000000444444444444410000000000000000000444444444444420000000000000000000002777777777777730000000000000000000000000000000000
0000000000000000000000000001444443000000000000000000000000000000000000000026666666666666666666666666666620000014444444444444300000000000000444444444444410000000000000000000444444444444420000000000000000000002777777777777600000000000000000000000000000000000
0000000000000000000000000002444443000000000000000000000000000000000000000016666666666666666666666666666630000014444444444444300000000000000444444444444410000000000000000000444444444444420000000000000000000002777777777777200000000000000000000000000000000000
0000000000000000000000000001444443000000000000000000000000000000000000000056666666666666666666666666666630000014444444444444300000000000000444444444444410000000000000000000444444444444420000000000000000000001777777777775000000000000000000000000000000000000
0000000000000000000000000001444443000000000000000000000000000000000000000466666666666666666666666666666620000014444444444444300000000000000444444444444410000000000000000000444444444444420000000000000000000000777777777761000000000000000000000000000000000000
0000000000000000000000000001444444000000000000000000000000000000000000003666666666666666666666666666666620000014444444444444300000000000000444444444444410000000000000000000444444444444420000000000000000000000677777777730000000000000000000000000000000000000
0000000000000000000000000001444444000000000000000000000000000000000000026666666666666666666666666666666620000014444444444444300000000000000444444444444410000000000000000000444444444444420000000000000000000000677777777600000000000000000000000000000000000000
0000000000000000000000000000444444000000000000000000000000000000000000166666666666666666666666666666666610000014444444444444300000000000000444444444444410000000000000000000444444444444420000000000000000000000577777776100000000000000000000000000000000000000
0000000000000000000000000000444444100000000000000000000000000000000000566666666666666666666666666666666600000014444444444444300000000000000444444444444410000000000000000000444444444444420000000000000000000000377777773000000000000000000000000000000000000000
0000000000000000000000000000344444200000000000000000000000000000000005666666666666666666666666666666666500000014444444444444300000000000000444444444444410000000000000000000444444444444420000000000000000000000277777740000000000000000000000000000000000000000
0000000000000000000000000000344444300000000000000000000000000000000046666666666666666666666666666666666400000014444444444444300000000000000444444444444410000000000000000000444444444444420000000000000000000000067777500000000000000000000000000000000000000000
0000000000000000000000000000244444300000000000000000000000000000000266666666666666666666666666666666666200000014444444444444300000000000000444444444444410000000000000000000444444444444420000000000000000000000047774000000000000000000000000000000000000000000
0000000000000000000000000000144444400000000000000000000000000000001666666666666666666666666666666666666000000014444444444444300000000000000444444444444410000000000000000000444444444444420000000000000000000000004420000000000000000000000000000000000000000000
0000000000000000000000000000044444410000000000000000000000000000005666666666666666666666666666666666664000000014444444444444300000000000000444444444444410000000000000000000444444444444420000000000000000000000000000000000000000000000000000000000000000000000
0000000000000000000000000000034444430000000000000000000000000000056666666666666666666666666666666666662000000024444444444444300000000000000444444444444410000000000000000000444444444444420000000000000000000000000000000000000000000000000000000000000000000000
0000000000000000000000000000024444440000000000000000000000000000466666666666666666666666666666666666660000000044444444444444300000000000000444444444444410000000000000000000444444444444420000000000000000000000000000000000000000000000000000000000000000000000
0000000000000000000000000000014444441000000000000000000000000003666666666666666666666666666666666666630000000144444444444444300000000000000444444444444410000000000000000000444444444444420000000000000000000000000000000000000000000000000000000000000000000000
0000000000000000000000000000003444443000000000000000000000000026666666666666666666666666666666666666600000000344444444444444300000000000000444444444444410000000000000000000444444444444420000000000000000000000000000000000000000000000000000000000000000000000
0000000000000000000000000000002444444100000000000000000000000166666666666666666666666666666666666666300000000444444444444444300000000000000444444444444410000000000000000000444444444444420000000000000000000003640000000000000000000000000000000000000000000000
0000000000000000000000000000000444444300000000000000000000000566666666666666666666666666666666666665000000002444444444444444300000000000000444444444444400000000000000000000444444444444420000000000000000000047760000000000000000000000000000000000000000000000
0000000000000000000000000000000344444400000000000000000000004666666666666666666666666666666666666661000000004444444444444444300000000000000444444444444400000000000000000000444444444444420000000000000000000477772000000000000000000000000000000000000000000000
0000000000000000000000000000000144444430000000000000000000036666666666666666666666666666666666666630000000024444444444444444300000000000000444444444444400000000000000000000444444444444420000000000000000002777772000000000000000000000000000000000000000000000
0000000000000000000000000000000034444441000000000000000000266666666666666666666666666666666666666500000000044444444444444444300000000000001444444444444400000000000000000000444444444444420000000000000000006777773000000000000000000000000000000000000000000000
0000000000000000000000000000000014444443000000000000000001666666666666666666666666666666666666665000000000344444444444444444300000000000001444444444444400000000000000000000444444444444420000000000000000037777773000000000000000000000000000000000000000000000
0000000000000000000000000000000003444444200000000000000005666666666666666666666666666666666666661000000001444444444444444444300000000000001444444444444400000000000000000000444444444444420000000000000000067777773000000000000000000000000000000000000000000000
0000000000000000000000000000000001444444400000000000000046666666666666666666666666666666666666610000000004444444444444444444300000000000001444444444444400000000000000000000444444444444420000000000000000477777772000000000000000000000000000000000000000000000
0000000000000000000000000000000000344444430000000000000366666666666666666666666666666666666665100000000034444444444444444444400000000000002444444444444300000000000000000000444444444444420000000000000000677777772000000000000000000000000000000000000000000000
0000000000000000000000000000000000044444443000000000000566666666666666666666666666666666666650000000000244444444444444444444420000000000003444444444444300000000000000000000444444444444420000000000000003777777771000000000000000000000000000000000000000000000
0000000000000000000000000000000000014444444200000000000046666666666666666666666666666666666300000000001444444424444444444444430000000000014444444444444200000000000000000000444444444444420000000000000005777777770000000000000000000000000000000000000000000000
0000000000000000000000000000000000003444444410000000000002566666666666666666666666666666651000000000014444444304444444444444443000000000034444444444444100000000000000000000444444444444420000000000000006777777760000000000000000000000000000000000000000000000
0000000000000000000000000000000000000344444441000000000000036666666666666666666666666665300000000000144444443003444444444444444321000001344444444444444000000000000000000000444444444444420000000000000007777777750000000000000000000000000000000000000000000000
0000000000000000000000000000000000000144444444100000000000000366666666666666666666666530000000000001444444441001444444444444444444443344444444444444443000000000000000000000444444444444420000000000000004777777730000000000000000000000000000000000000000000000
0000000000000000000000000000000000000014444444420000000000000002466666666666666666642000000000000014444444420000444444444444444444444444444444444444442000000000000000000000444444444444420000000000000000367777710000000000000000000000000000000000000000000000
0000000000000000000000000000000000000002444444442000000000000000002345666666665431000000000000000244444444200000244444444444444444444444444444444444440000000000000000000000444444444444420000000000000000002455200000000000000000000000000000000000000000000000
0000000000000000000000000000000000000000244444444300000000000000000000001111000000000000000000003444444442000000044444444444444444444444444444444444430000000000000000000000444444444444420000000000000000000000000000000000000000000000000000000000000000000000
0000000000000000000000000000000000000000024444444441000000000000000000000000000000000000000000134444444420000000024444444444444444444444444444444444400000000000000000000000444444444444420000000000000000000000000000000000000000000000000000000000000000000000
0000000000000000000000000000000000000000002444444444300000000000000000000000000000000000000003444444444200000000004444444444444444444444444444444444200000000000000000000000444444444444420000000000000000000000000000000000000000000000000000000000000000000000
0000000000000000000000000000000000000000000244444444442000000000000000000000000000000000000244444444442000000000002444444444444444444444444444444443000000000000000000000000444444444444420000000000000000000000000000000000000000000000000000000000000000000000
0000000000000000000000000000000000000000000014444444444420000000000000000000000000000000024444444444410000000000000244444444444444444444444444444430000000000000000000000000444444444444420000000000000000000000000000000000000000000000000000000000000000000000
0000000000000000000000000000000000000000000000344444444444210000000000000000000000000012444444444443000000000000000024444444444444444444444444444300000000000000000000000000444444444444420000000000000000000000000000000000000000000000000000000000000000000000
0000000000000000000000000000000000000000000000024444444444443210000000000000000000012344444444444420000000000000000000344444444444444444444444442000000000000000000000000000444444444444420000000000000000000000000000000000000000000000000000000000000000000000
0000000000000000000000000000000000000000000000001344444444444444321100000000001123444444444444443100000000000000000000013444444444444444444444310000000000000000000000000000444444444444420000000000000000000000000000000000000000000000000000000000000000000000
0000000000000000000000000000000000000000000000000024444444444444444444333333444444444444444444420000000000000000000000000134444444444444444431000000000000000000000000000000333333333333320000000000000000000000000000000000000000000000000000000000000000000000
0000000000000000000000000000000000000000000000000000244444444444444444444444444444444444444442000000000000000000000000000000123444444444432000000000000000000000000000000000000000000000000000000000000000000000000000000000000000000000000000000000000000000000
0000000000000000000000000000000000000000000000000000002444444444444444444444444444444444444200000000000000000000000000000000000001111110000000000000000000000000000000000000000000000000000000000000000000000000000000000000000000000000000000000000000000000000
0000000000000000000000000000000000000000000000000000000013444444444444444444444444444444310000000000000000000000000000000000000000000000000000000000000000000000000000000000000000000000000000000000000000000000000000000000000000000000000000000000000000000000
0000000000000000000000000000000000000000000000000000000000023444444444444444444444444320000000000000000000000000000000000000000000000000000000000000000000000000000000000000000000000000000000000000000000000000000000000000000000000000000000000000000000000000
0000000000000000000000000000000000000000000000000000000000000012334444444444444443210000000000000000000000000000000000000000000000000000000000000000000000000000000000000000000000000000000000000000000000000000000000000000000000000000000000000000000000000000
0000000000000000000000000000000000000000000000000000000000000000000111222222111000000000000000000000000000000000000000000000000000000000000000000000000000000000000000000000000000000000000000000000000000000000000000000000000000000000000000000000000000000000
0000000000000000000000000000000000000000000000000000000000000000000000000000000000000000000000000000000000000000000000000000000000000000000000000000000000000000000000000000000000000000000000000000000000000000000000000000000000000000000000000000000000000000
0000000000000000000000000000000000000000000000000000000000000000000000000000000000000000000000000000000000000000000000000000000000000000000000000000000000000000000000000000000000000000000000000000000000000000000000000000000000000000000000000000000000000000
0000000000000000000000000000000000000000000000000000000000000000000000000000000000000000000000000000000000000000000000000000000000000000000000000000000000000000000000000000000000000000000000000000000000000000000000000000000000000000000000000000000000000000
0000000000000000000000000000000000000000000000000000000000000000000000000000000000000000000000000000000000000000000000000000000000000000000000000000000000000000000000000000000000000000000000000000000000000000000000000000000000000000000000000000000000000000
0000000000000000000000000000000000000000000000000000000000000000000000000000000000000000000000000000000000000000000000000000000000000000000000000000000000000000000000000000000000000000000000000000000000000000000000000000000000000000000000000000000000000000