0000000000000000000000000000000000000000
0000000000000000000000000000000000000000
0000000000000000000000000000000000000000
0000000000000000000000000000000000000000
0000000000000000000000000000000011000000
0000000000000000000000000000001111000000
0000000000000000000000000000011111000000
0000000000000000000000000000111111000000
0000000000000000000000000000111111000000
0000000000000000000000000000111111000000
0000000000000000000000000000111111000000
0000000000000000000000000000111111000000
0000000000000000000000000000111111000000
0000000000000000000000000000111111000000
0000000000000000000000000000111111000000
0000000000000000000000000000001110000000
0000000000000000000000000000000000000000
0000000000000000000000000000001110000000
0000000000000000000000000000011111000000
0000000000000000000000000000111111000000
0000000000000000000000000000111111000000
0000000000000000000000000000111111000000
0000000000000000000000000000111111000000
0000000000000000000000000000111111000000
0000000000000000000000000000111111000000
0000000000000000000000000000111111000000
0000000000000000000000000000011111000000
0000000000000000000000000000001111000000
0000000000000000000000000000000011000000
0000000000000000000000000000000000000000
0000000000000000000000000000000000000000
0000000000000000000000000000000000000000
0000000000000000000000000000000000000000