0000000000000000000000000000000000000000
0000000000000000000000000000000000000000
0000000000000000000000000000000000000000
0000000000000000000000000000000000000000
0000011000000000000000000000000001110000
0000011110000000000000000000000011110000
0000011111100000000000000000001111110000
0000011111100000000000000000001111110000
0000011111100000000000000000001111110000
0000011111100000000000000000001111110000
0000011111100000000000000000001111110000
0000011111100000000000000000001111110000
0000011111100000000000000000001111110000
0000011111100000000000000000001111110000
0000011111100000000000000000001111110000
0000001111100111111111111111001111100000
0000000100011111111111111111110010000000
0000000000111111111111111111110000000000
0000000000001111111111111111100111100000
0000000000000000000000000000001111110000
0000000000000000000000000000001111110000
0000000000000000000000000000001111110000
0000000000000000000000000000001111110000
0000000000000000000000000000001111110000
0000000000000000000000000000001111110000
0000000000000000000000000000001111110000
0000000000000000000000000000001111110000
0000000000000000000000000000001111110000
0000000000000000000000000000000111110000
0000000000000000000000000000000001110000
0000000000000000000000000000000000000000
0000000000000000000000000000000000000000
0000000000000000000000000000000000000000
0000000000000000000000000000000000000000