0000000000000000000000000000000000000000
0000000000000000000000000000000000000000
0000000000000000000000000000000000000000
0000000111111111111111111111111110000000
0000011011111111111111111111111100000000
0000011100111111111111111111110000000000
0000011111000000000000000000000000000000
0000011111000000000000000000000000000000
0000011111000000000000000000000000000000
0000011111100000000000000000000000000000
0000011111100000000000000000000000000000
0000011111100000000000000000000000000000
0000011111100000000000000000000000000000
0000011111100000000000000000000000000000
0000011111000000000000000000000000000000
0000011111001111111111111110000000000000
0000000000111111111111111111110000000000
0000000000111111111111111111110000000000
0000011110011111111111111111001111000000
0000011111000000000000000000011111100000
0000011111000000000000000000011111100000
0000011111100000000000000000011111100000
0000011111100000000000000000011111100000
0000011111100000000000000000011111100000
0000011111100000000000000000011111100000
0000011111100000000000000000011111100000
0000011111000000000000000000011111100000
0000011111000000000000000000001111100000
0000011110011111111111111111100111100000
0000011001111111111111111111111001100000
0000010111111111111111111111111100000000
0000000111111111111111111111111110000000
0000000000000000000000000000000000000000
0000000000000000000000000000000000000000