0000000000000000000000000000000000000000
0000000000000000000000000000000000000000
0000000000000000000000000000000000000000
0000000111111111111111111111111110000000
0000011011111111111111111111111111100000
0000011100111111111111111111111001110000
0000011110001111111111111111100111110000
0000011111100000000000000000001111110000
0000011111100000000000000000011111110000
0000011111100000000000000000011111110000
0000011111100000000000000000011111110000
0000011111100000000000000000011111110000
0000011111100000000000000000011111110000
0000011111100000000000000000011111110000
0000011111100000000000000000011111110000
0000011111100000000000000000001111100000
0000001110011111111111111111100111000000
0000000000111111111111111111110000000000
0000000110011111111111111111100111000000
0000011111100000000000000000001111100000
0000011111100000000000000000011111110000
0000011111100000000000000000011111110000
0000011111100000000000000000011111110000
0000011111100000000000000000011111110000
0000011111100000000000000000011111110000
0000011111100000000000000000011111110000
0000011111100000000000000000011111110000
0000011111100000000000000000001111110000
0000011111001111111111111111000111110000
0000011100111111111111111111110001110000
0000011011111111111111111111111100110000
0000000111111111111111111111111110000000
0000000000000000000000000000000000000000
0000000000000000000000000000000000000000