0000000000000000000000000000000000000000
0000000000000000000000000000000000000000
0000000000000000000000000000000000000000
0000000111111111111111111111111111000000
0000011011111111111111111111111101100000
0000011100111111111111111111110011100000
0000011111000000000000000000001111100000
0000011111000000000000000000001111100000
0000011111000000000000000000001111100000
0000011111000000000000000000001111100000
0000011111000000000000000000001111100000
0000011111000000000000000000001111100000
0000011111000000000000000000001111100000
0000011111000000000000000000001111100000
0000011111000000000000000000001111100000
0000011111000000000000000000001111100000
0000000110011111111111111111110011000000
0000000000111111111111111111110000000000
0000000000011111111111111111100111100000
0000000000000000000000000000001111100000
0000000000000000000000000000001111100000
0000000000000000000000000000001111100000
0000000000000000000000000000011111100000
0000000000000000000000000000011111100000
0000000000000000000000000000011111100000
0000000000000000000000000000001111100000
0000000000000000000000000000001111100000
0000000000000000000000000000001111100000
0000000000011111111111111111100111100000
0000000001111111111111111111111001100000
0000000111111111111111111111111110000000
0000000111111111111111111111111110000000
0000000000000000000000000000000000000000
0000000000000000000000000000000000000000